254312310 9456456410
554648510 9584689410
254524810 9489562510
254312311 9456456411
554648511 9584689411
254524811 9489562511
254312312 9456456412
554648512 9584689412
254524812 9489562512
254312313 9456456413
554648513 9584689413
254524813 9489562513
254312314 9456456414
554648514 9584689414
254524814 9489562514
254312315 9456456415
554648515 9584689415
254524815 9489562515
254312316 9456456416
554648516 9584689416
254524816 9489562516
254312317 9456456417
554648517 9584689417
254524817 9489562517
254312318 9456456418
554648518 9584689418
254524818 9489562518
254312319 9456456419
554648519 9584689419
254524819 9489562519