12312310 456456410
15648510 584689410
12524810 489562510
12312311 456456411
15648511 584689411
12524811 489562511
12312312 456456412
15648512 584689412
12524812 489562512
12312313 456456413
15648513 584689413
12524813 489562513
12312314 456456414
15648514 584689414
12524814 489562514
12312315 456456415
15648515 584689415
12524815 489562515
12312316 456456416
15648516 584689416
12524816 489562516
12312317 456456417
15648517 584689417
12524817 489562517
12312318 456456418
15648518 584689418
12524818 489562518
12312319 456456419
15648519 584689419
12524819 489562519